IN D EX VERBORVM

nitescere A 150.
nitidus II 1, 64. nitidum Ε Ι 4, 15.
nitidam 11 3, 214. nitido Ε I 7, 83.
nitidi E Ι 14, 32. nitidis E Ι 15, 46.
’ ηἰιιτ nitere Ε Ι 13 18. niti A 280.
niualem ΙΙ 6, 25. niuali Ε Ι 3, 3.
niualibus Ε Ι 11,18.
niueos I 2, 80.
nix niueI2‚ 106. 113, 234. 5, 41.
1111188 (acc.) E I 7, 10.
no nabis I 4,120.
nobile II 3, 243. nobile A 137. no
Rllium E I 19, 39. nobilibus (abl. )
nocet E Ι 2, 55. noceat II 1, 44.
noceant II 2, 72. nocentis Ι 8, 22.
nocere E Ι 18, 31. nocendi A 284.
nocebit E Ι 1, 26. nocuere Π 8,
41. Ε Ι 8, 11. nocuisset E II 2, 42.
noctu E 11 2, 27.
nocturnus I 3, 117. nocturnam 1 5,
85. nocturna II 4, 52. A 269. 110-
cturno Ε Ι 19,11. nocturni 11 6,
100. nocturnos E 1 18,93. 112, 79.
209.
nodosi II 3, 70. nodosa E 1 1, 31.
nodus A 191. nodo E 1 1, 90.
11011111 I 2, 35. nolis Ι 4, 140. ΕΙ 1,
31. nolit I 2, 5. 10.10.6 Α 463.
nolint I 1, 19. 2, 28. noli Ε Ι 16,
69. 18, 28. nolito A 427. nollemI’
6, 97. 99. nollet E I 17,14. 111,
{53 110188 Ε I 2, 34. 7, 25. noluit

nomen Ε Ι 17, 41. A 400. nominis

14, 44. nomenI2, 126. 3, 42. II
1,(’36.3‚.‚.47410E16‚15.7,
93. 16, 12. ΙΙ 1, 16, Α59. 253. 299.
nomineIl, 69. 2, 65. 9, 3. 112,
133. E I 7, 55. 16, 31. nominaI2,
16. .3‚ 104. E16‚ 50. A58. 234.
nomixiibus E ΙΙ 1,105.

Nomentanus I 1,1'02. ΙΙ 8, 23. 25.
60. Nomentano Ι 8,11. Nomenta-
num 11 1, 22. 3, 175. 224.

nomisma Ε ΙΙ 1, 234.

11011 Ι 1, 35. 37. 46. 54. 84. 87. 95.
97. 103. 121. 2, 17. 20. 22. 34. 38.
49. 60. 75. 119. 3, 5. 33. 44. 62.
77. 121. 126. 4, 35. 54. 60. 70. 74.
82. 84. 114. 136. 5, 33. 80. 87. 91.
101. 6, 1. 14. 21. 22. 24. 49. 52. 58
(his). 64. 84. 90. 91. 119. 124. 127.
7, 14. 19. 34. 8, 17. 44. 9, 17. 19.
22. 23. 41. 48. 57. 10, 3. 7. 34. 54.
55. 76. Π 1, 6. 19. 45. 2, 4. 19. 62.
65. 89. 102. 105. 113. 116. 120. 3,
1. 36. 60. 69. 106. 135. 139. 158.

HORA'rlvs 11 2

433

159. 161. 164. 189. 204.
260. 261. 264. 265. 267, 301. 319.
320. 323. 4, l. 29. 31. 36. 43. 66.
91. 93. 94. 5, 4. 59. 91. 6, 1. 32.
59. 71. 108. 7, 21. 25. 26. 36. 56.

207. 259.

” 64. 72. 78. 92. 93. 112. 8, 4. 48.

49. 56. 82. 87. 92. E Ι 1, 4 (ιη-ε).
19. 28. 29. 32. 39. 48. 66. 71. 89.
2, 3. 35. 47 (bis). 49. 58. 59. 3, 10.
21. 22. 4, 6. 11. 14. 5, 12. 16. 19.

> 20. 21. 23. 6, 29. 45. 62. 7, 14. 17.

41. 44. 52. 61. 68 (bes). 78. 10, 26.
29. 38 (bis). 42. 46. 50. 11, 26. 27.
30. 12, 2. 4. 14, 13. 18. 27. 36. 37.
38. 15, 11. 28. 29. 39. 16, 47. 48.
56. 65. 66. 17, 27. 29. 31. 35. 36.
37. 61. 18, 16. 17. 26. 53. 72. 78.
19, 10. 22. 25. 32. 37. 39. 20, 5. 6.
9. 14. Π 1, 9. 30. 53. 69. 76. 88.
101. 115. 120. 122. 174. 224. 231.
2, 13. 25. 48. 52. 58. 63. 134. 139.
149. 150. 179. 182. 192. 201. 202.
205. A 12 (bis). 19. 36. 50. 89. 99.
122. 132. 143. 149. 182. 195. 202.
219. 234. 254. 257. 263. 268. 281.
290. 292. 294. 297. 298. 303. 308.
311. 351. 364. 373 (cer). 390. 418.
†450. 460. 476.

ν nondum A 205.

nonneI2‚111.II5,42.

nonus nona 11 7,118. 1101111111 (acc.
masc.) A 388. nonam Ε Ι 7, 71.
nono (masc.) 1 6, 61

norma A 72.

1108 I 3, 43. 55. 4, 41. 5, 5. 118, 27.
34. 57. 93. Ε Ι 2, 27. 8, 17. 17, 5.
A 63. nostri E I 3, 12. 13, 4. no—
strum 11 1, 29. 7, 47. nobis 1 1,
52. 3, 22. 4, 15. Ε Ι 2, 18. 3, 29.
15, 25. ΙΙ 1, 91. 219, nos 1 5, 50.
79. 6, 18. 44. 9, 7. 112, 130. 6. 72.
75. 8, 61. Ε 1 11, 28. 15, 25. Π 1,
89. 227. A 108. nosmet 13, 67. 10,
56. nobis Ι 3, 57. Ε Π 2, 55.

noscere ΙΙ 7, 89. Α 425. noui Ι 9,
22. 39 112, 113. 3, 26. 5, 34. ΕΙ
18, 1. nouisti Ε Ι 6, 67. 10, 14.
nosti13,126.6,15.’113‚18. ΕΙ
2, 23 nouit E Ι 9, 6. noram II 3,
25. noris I 9, 7. nosse 11 8, 19. 1108-
set Ι 9, 62.

noster H 6, 48. nostrum E I 14, 31.
nostrum I 10, 68. Ε ΙΙ 1, 62. 110-
8615 Ι 10, 90. nostri A 285. nostra
E ΙΙ 1, 201. A 63. nostrorum E I
4, 1. nostris E 11 1, 19. nostros Ε
ΙΙ 1, 225. nostras A 388. nostra. E
ΙΙ l, 89 (bis). nostris I 1, 53.

28

