458

ΙΙ 3, 100. 129. Ε Ι 6, 58. seruis Ε
Ι 14, 40.

seruos (adi.) seruom E I 19, 19.
serus E II 1,161. serum II 7, 33.
seri Ι 10, 21.

{22331059112139

ses‘certia Ε Ι 7, 80. ΙΙ 2, 33.

seu ΙΙ 1, 38. 5'9. 2, 84. 118. 3, 88.
4, 78. 5, 108. 6, 25. 7, 80. Ε ΙΙ 1,
194.A67.seu—seu11,2. 111,
57. 58. 2, 11. 13. 87. 88. 5, 39. 40.
6, 69. 70. E Ι 3, 23 sq. (ter). 33.
12, 21. Α 426.

seuerus E I 5,13. seuero E I 18,
42. seuerum A 107. seueri E ΙΙ 1,
109. seueris E Ι 19, 9. Α 216.

sex E I 1, 58.

sextarius Ι 1, 74.

Sextilem E I 7, 2. Sextili E I 11, 19.
Sl Ι 1, 15. 43. 46. 54. 57. 80. 87. 88.
90. 2, 7. 23. 49. 68. 74. 84. 87. 96.
116. 120. 3, 5. 6. 44. 46. 71. 72. 80.
94 (bis). 112. 123. 124. 140. 4, 3.
14. 41. 53. 55. 57. 60. 67. 91. 93.
102. 103. 104. 116. 140. 5, 102. 6,.
21. 30. 42. 65. 66. 68. 70. 79. 86.
93. 105. 130. 7, 15. 16. 8, 37. 9,
22. 34. 38 (bis). 10, 59. 68. 89. ΙΙ
1, 6. 10. 20. 31. 32. 49. 82. 83 (bis).
84. 2, 10. 51. 55. 3, †1. 10. 33. 41.
66. 67. 74. 92. 104. 106. 111. 115.
117. 125. 127. 128. 159. 189. 214.
219. 241. 249. 250. 259.. 264. 268.
270. 290. 319. 322. 4, 17. 27. 49.
51. 52. 5, 17. 24. 27. 31. 45. 49.
61. 70. 81. 87. 93. 103. 106. 6, 6.
8 (bis). 10. 13. 31. 39. 55. 78. 7,
24. 29. 39. 42. 98. 102. 8, 4. 21.
25. 58. 71. 72. 90. 92. Ε Ι 1, 32.
40. †58. 60. 66 (bis). 84. 85. 89. 94.
95. 96. 2, 24. 34. 35. 38. 50. 3, 18.
29 (bis). 5, 1. 6. 12. 6, 13. 16. 28.
30. 41. 47. 49. 56. 65. 67. 68. 7, 3.
13. '18. 32. 34. 39. 70. 93. 8, 3. 15.
10, 12. 31. 43 (bis). 11, 15. 25. 30.
12, 2. 5 (bis). 7. 12. 22. 13, 3 (ter).

6. 14, 29. 15, 40. 16, 5. 8. 9. 15.·

17. 21. 25. 33 (bis). 36. 46. 17, 3.
4. 6. 7. 8. 11. 13. 14. 26. 31. 50.
18, 1. 26. 57. 67. 80. 108. 19, 1.
12. 43. 20, 26. ΙΙ 1, 4. 28. 34. 64.
66 (bis). 73. 74. 80. 99. 125. 164.
180. 185. 194. 216. 222. 257. 2, 2.
16. 24. 95. 100. 108. 146. 149. 155.
156. 157. 158. 159. 178. 213. A 2.
20. 31. 35. 47. 48. 52. 56.-71. 87.
98. 102. 104. 112. 120. 125. 130.

INDEX VERBORVM

131. 154. 249. 272. 290. 300. 327.
354. 361. 362. 378. 386. 422. 424.
436. ·438. 442. 458. 461. 468. 473.
cf. quodsi.
sibilaqt Ι 1, 66.
sic I 1, 23. 66. 101. 113. 2, 36. 106.
3,19.41.43.132.133.4,’120.128.
135. 5, 60. 69. 6, 34. 92. 9, 53. 78.
10, 5. ἸΙ 1, 51. 2, 68. 3, 1.' 85. 150.
300. 4, 4. 5, 53. 81. 85. 6, 22. 79.
8, 3. 36. 48. 60. 93. Ε I 1, 23. 71.
2, 51. 7, 69. 8, 17. 9, 10. 10, 439.
12, 8. 13, 12. 17, 18. 18, 11. 12.
41. 11 1, 23. 119. 157. 179 (bis). 2,
3. 139. 175. A 136. 151. 188. 214.
216. 236. 357. 377. 400. 410. 432.
cf. sieut.
sicarius Ι 4, 4.
siccat ΙΙ 6, 68.
8166118 II 2, 14. 3, 281. Ε I 17, 12.
siccis Ε Ι 19, 9. siccis II 4,15.
Siculi Ε II 1, 58. A 463. Siculi Ε 1
2, 58. Siculis E I 12,1.
sicut I 1, 32. 9, 1. ef. I 1, 101. 102.
Sidonio E I 10, 26.
sidus (aee.) I 7, 26.
sigilla Ε Ι 20, 3. II 2,180.
signat A 159. signafium (masc.) A
59. signata (666.) Ε I 13, 2.
signi Ι 6, 126. εἰ gno 113, 23. signum
A 447. signo Eg II 2,1'34 signa. I
5, 10. 114, 2. 6, 38. EI,.1856 II
1, 248. si 18 Ι 5, 88.
silentium ” enti Π 6, 58.
Silenus A 239.
sileo sileas II 5, 91.
siliquis Ε ΙΙ 1, 123.
silua ΙΙ 6, 116. Ε Ι 10, 22. siluae
II 6, 3. siluam I 10, 34. siluae E
Ι 2, 45. A 60. siluarum Ε Ι 14, 1.
siluis ΙΙ 6, 92. A 30. siluas Ε I 4,
4. ΙΙ 2, 45. siluis ΙΙ 3, 48. Ε Ι 2,
67. Α 244.
Siluanum Ε Π 1, 143.
silues‘crem E ΙΙ 2, 186. siluestris, A
391. siluesssria. II 2, 57.
similis Ι 2. 107. 4, 69. II 5, 92. A
254. simile II 3, 31. similem I 5,
57. Π 3. 63. simile I 4, 137. ῙῙ 3,
99. simili I 3, 123. Ε II 1. 20. εἰ·
milis II 1, 3. simillimus Ε II 2, 120.
simius I 10,18.
Simone A 238.
sim lexI3, 52. 112, 68. 73. 4. 64.
ΕΙΙ 2, 193. A 23. 203. simplicior

s1Imi11i31, 36. 58. 67. 5, 32. 10, 85.
86. 11 2, 73. 74. 3, 226. 4,10. 6, 32.

