404

Epicuri E I 4, 16.

Epidaurius Ι 3, 27.

epistula E 11 2, 22.

epos Ι 10, 43.

epulum ΙΙ 3, 86. epulae II 3, 119.
7, 107. epulis ΙΙ 2, 45.

eques Ι 6, 77. 106. Ε Ι 2, 65. 15,
13. II 1, 185. equitis E ΙΙ 1, 187.
equitem I 10, 76. Ε Ι 10, 38. equi-
tes A 113. equitum [I 10, 8.] E Π
1, 190.

equestrem A 383. equestri 117, 53.
equidem ΙΙ 1, 79. 5, 23. 6, 53. ΕΠ
83111115ιῇ Ε II 1, 45. equinam A 1.

gggffgeEHI Ρ1524181. εᾳιιόε Ε Ι 17,
20. A 248. equl Ι 5, 56. Ε Ι 15,
13. equm II 7, 50. Ε ίΙ 10, 34.
*ecum ΕΙ 1, 8. ecum E Ι 2, 64.
equom A 84. equo II 1, 15. 2,
9. equorum E II 1, 95. equis Ι 1,
115. Ε Ι 7, 41. equos I 2, 86. equis
I 7, 8. ΙΙ 1, 26. Α 162.
erepsemus I 5, 79.

ergo 14, 53. 10, 7. Π 2, 35. 50.
101. 3, 5. 89. 156. 192. 220. 5, 19.
101. 6, 16. 70. 106. E Ι 6, 46. 7,
70. 18, 78. Π 1, 206. A 304. 353.
erigit Π 3, 150. erigimur II 8, 58.
erectum Ε Ι 1, 69.

erilis ΙΙ 7, 60. eriHs Ε ΙΙ 2, 6.
eripias I 4, 57. eripe II 7, 91. eri-
pere A 423. eriperem -Π 3, 206.
eriperet I 9, 65. eripiam II 2, 23.
{ri Iieiz II 5, 35. Ε Ι 6, 53. eripuere
errat E'n 1, 65. A 457. erret Π 3,
210. errent E I 12, 17. errare Ι 8,
35. erraremus Ι 3, 41.

erro Π 7, 113.

error II 3, 49. 51. Ε II 1, 118. 2,
140. A 308. 454. errori Ι 3, 42. Π
3, 63.

erucas II 8, 51-

eruet Ε ΙΙ 2, 115.

ermom eruo ΙΙ 6, 117.

erus II 8, 16. 43. eri Ε Ι 1, 85.
erum ΙΙ 2, 129. Ε Ι 16, 2. ere ΙΙ
3, 265.

esca II 8, 5. escae II 2, 72.

esseda E II 1, 192.

esuriens Ι 2, 115. 3, 93. II 3, 113.
et I 1, 37. 41. 55. 71. 93. 118. 2,
54. 99. 107. 108. 113. 126. 132. 3,
13. 14. 20. 24. 31. 41. 45. 50. 63.
86. 98. 100. 101. 105. 117. 122. 125
(ter). 136. 139. 4, 18. 22. 36. 51.

INDEX VERBORVM

58. 66. 68. 79. 90. 93. ’98. 121. 124.
130. 5, 10. 36. 40. 43. 46. 49. 53.
57. 58. 78. 86. 95. 6, 16. 17. 28. 31.
35. 37. 42. 61. 64. 69. 70. 88. 97.
101, 102. 1154116. 7, 19. 30. 8, 27.
30. 39. 41. 43. 44.. 45. 9, 5. 19. 36.
40. 42. 44. 55. 61. 62. 63. 64. 75.
76. 10, 8. 11. 15. 19. 22. 58. 65. 66.
70. 71. 81. 82. 83. 86. 87. II 1, 1.
23. 40. 42. 46. 47. 61. 6471. 72.
73. 77. 2, 1. 5. 16. 26. 57. 58. 63.
87. 98. 115. 122. 3, 9. 27. 30. 38.
43. 44. 56 (bis). 73. 92. 97. 98. 106.
107. 142. 146. 159. 165. 170. 172.
178. 181. 183. 188. 192. 198. 203.
213. 218. 224. 231. 232. 244 (bis).

- 261. 269. 279. 282. 309. 311. 313.

4, 1. 13. 28. 29. 38. 40. 42. 45. 53.
58. 73. 74. 84. 5, 13. 21. 23. 24. 44.
52. 68. 90. 100. 103. 6, 2. 3. 14.
16. 28. 29. 32. 34. 39. 43. 46. 47.
61. 73. 76. 82. 85. 116. 7, 1. 3. 6.
23 (bi-v). 26. 36. 40. 67 (bis . 86. 93.
100. 101. 113. 8, 11. 20 bis). 35.
77. 88. 89. 92. E Ι 1, 2. 9. 11 (bis).
12. 16. 19. 34. 35. 41. 47. 48< (bis).
49. 69 (bis). 78. 84. 99. 104. 2, 4.
8. 12. 15. 16. 17. 20. 23. 25. 27. 30.
34. 36. 43. 45. 47 (bis). 51. 60. 3,
8. 11. 14. 16. 22. 28. 32. 4, 905⁸).
11. 12. 15. 5, 7. 8. 9. 1427. 30. 6,
2. 3 (bis). 6. 7. 8. 14. 17 (bis). 20.
22. 26. 27. 31. 36. 37 (bis). 47. 49.
51, 7, 7. 8. 9. 11. 13. 20 (bis). 21.
22. 27. 46. 53. 55. 58. 59 (bis). 63.
66. 67. 75. 79. 84. 85. 95. 8, 1. 3.
13. 9, 2. 3. 13. 10, 4. 7. 8. 25. 33.
11, 3. 4. 9. 13. 17. 21 (bis). 25. 12,
8. 14. 15. 17. 19. 21. 22. 23. 13, 9.
14, 1. 2. 5. 6.» 9. 15 (bis). 16. 19
(bis). 20. 21. 22. 23. 26. 28. 35. 39.
42 (bis). 15, 2. 3. 8. 9. 10. 18. 23.
31. 33. 35. 39. 42. 44. 45. 16, 3. 4.
9 (his). 26. 32. 39. 40. 43. 44. 49.
51. 57. 62. 68. 73. 76. 17, 1. 6. 16.
19. 23 (bis). 30. 32. 33. 34. 40. 41.
42. 47. 49. 51. 53 (bis). 54. 18, 5,
9. 10. 12. 17. 24. 25. 27. 28. 33.
47. 50 (bis). 55. 57. 58. 68. 71. 78.
85. 96. 99. 103. 109. 111. 19, 12.
25. 27. 29. 38. 39. 40. 42. 43. 46.
47. 48. 49. 20, 3. 4. 7., 20. Π 1, 1.
5 (bis). 18. 21. 22. 33. 46. 48. 52.
53. 60. 72. (†73). 74. 78. 84. 86,
94. 103. 108. 110. 112. 113 (bis).
118. 123. 124. 129 (bis). 131. 134.
141. 142 (wis). 144Δ 149. 156. 158.
162, 163 (oss). 165 (bes). 166. 183.

