INDEX VERBORVM

238. 2, 11. 40. 109. 124. 129. 131.
133. 135. 150. 182. 187. A 15. 21.
29. 140. 142. 158. 220. 302. 312.
343. 356. 357. 379. 382. 412. 414.
419. 422. 450. 457. quae Ι 1, 36. 2,
121. 3, 8. 14. 118. 4,141. 5, 45. 51.
5, 25. 8, 31. 32. 9, 54. 112, 73. 94.
3, 255. 5, 81. Ε Ι 1, 63. 4, 14. 6,

- 2. 35. 10, 21. 23. 14, 25. 18, 7. 11

1, 153. A 190. 305. 361. 364. quod
.1 1, 43. 4, 51. 58. 6, 41. 44. 50.

- 123. 10, 22. 59. ΙΙ 2,102. 6, 13. 27.

30. 72. 7, 3. 40. 78. 8, 12. 50. E Ι
1, 24. 2, 45. 4, 3. 8, 8. 15,19 (bis).
20. 21. 35. 15, 17. 18, 17. 107.108.
ΙΙ 1, 83. 115. 179. 254. 2, 52. 81.
172. Α 195. euius ΙΙ 2, 59. E Ι 14,
25. Α 7. cui Ι 4, 43 (bis). 140. 5.
58. 6, 106. 7, 30. ΙΙ 1, 20. 2, 55.
3, 118. 5, 43. Ε Ι 1, 50. 51. 85. 2,
30. 45. 4, 9. 6, 53. 54. 54. 7, 32.
10, 42. 12, 4. 14, 11. ΙΙ 2, 139151.

Ι A 40. quem Ι 1, 35. 87. 2, 21. 117.

4, 55. 5, 45. 10, 63. ΙΙ 1, 41. 2, 34.
3, 43. 196. 222. 4, 92. 5, 42. 7, 76.
84. 88. 8, 93. Ε Ι 1, 93. 7, 33. 90.
10, 30. 14, 2. 32. 33. 34. 15, 57.
17, 25. 18, 21 (bis). 22. 23. 24. 79.
105. 19, 30. Π 1, 177. 201. 260. Α
72. 348. 358. 435. 453. 475. quam
11, 1. II 2, 28. 87. 3, 68. 5, 78.
Ε Ι †2, 55. 7, 4. 14, 44. ΙΙ 1,
259. quod Ι 1, 16. 94 (bis). 2,
84. 3, 85. 126. 4, 11. 101. 108. 5,
87. 9, 19. 25. 30. 37. 10, 47. II 3,
66. 76. 138. 141. 178. 190. 253. 4,
65. 69. 5, 84. 6, 109. 7, 25. 56. 8,
45. 53. Ε Ι 1, 73. 98 (bis). 2, †10.
60. 7, 94. 11, 17. 29. 17, 5. 39. ΙΙ
1, 49. 87. 92. 100. 101. 263 (bis).
2, 63. 64. 158. Α †23. 168. 292.
390. 418. quo Ι 4, 29. 122. 6, 15.
30. 8, 15. 9, 49. ΙΙ 3, 291. Ε Ι 2,
59. 7, 14. 15, 42. 43 (bis). 20, 28.
qua. ΙΙ 1, 64. 4, 66. E Ι 2, 6. (1110
Ι 2, 6. 85. 4, 55. 6, 124. 7, 11. ΙΙ
1, 32. 50. 2, 112. 3, 21. 34. 137. 5,
52. 5, 41. Ε Ι 2, 65. 6,10. ΙΙ 2,
153. qui (nom. plur.) Ι 1, 30. 2, 28.
38. 4, 74. 75. 6, 4. 10, 21. II 3, 47.
E Ι 1, 77. 5, 4. 11, 27. 15, 8. ΙΙ 1,
214. 2, 105. 182. A 38. 288 (bis).
431. 456. quae (fem.) I 8, 19. quae
(neutr.) Ι 2,-92. 100. 10, 38. 72. ΙΙ
4, 87. 6, 46. 105. 7, 106. Ε Ι 1, 23.
36. 2, 38. 8, 11. 13, 17. 19, 3. ΙΙ
2, 36. Α 70. 71. 181. quorum I 4,
2. ΙΙ 4, 47. E Ι 15, 45. quarum Ι

EORATIVS 11 2.

‘449

2, 29. quibus 1 7, 11. 10, 16. 88.
ΙΙ 1, 1. 8. 48. 4, 12. 38 (bis). Ε Ι
1, 20. Α 248. 347. quis Ι 3, 96., 4, 72.
130. 5, 42. 9, 27. quos Ι 1, 89.107.
3, 109. 134. 4·, 24. 5, 78 (bis). 10,
17. 87. ΙΙ 3, 129. 185. 8, 22. Ε Ι
1, 22. 79. 12, 1. II 1, 42. quasI 2,
48. 6, 77. 107. ΙΙ 3, 96. Ε ΙΙ 1, 24.
A 352. quae Ι 3, 102. 4, 56. 57. 5,
45. 9, 5. ΙΙ 2, 2. 3, 322. 4,, 23. 7,
45. 8, 80. Ε Ι 1, 12. 42. 47. 72. 2,
24. 4, 9. 7, 20. 8, 11. 10, 9. 14, 19.
21. 17, 3. †18, 111. ΙΙ 1, 21. 70.
73. 82 (bis). 84. 208. 246. 2, 117.
119..A 149. 181. 184. 277. uibus
I 3,103. 4, 81. 87. 115, 2. I 1,
34. II 1, 204. (111ῖ8 Ι 1, 75.
qui (interregnum, or. directa) quae
II 7, 70. quo (masc.) I 6, 29. E I 1,
90. 6, 8 (bis). quii. ΙΙ 3, 301. quo
ΙΙ 3, 295. 7, 22. qui Ι 5, 43. quae
Ε ΙΙ 1, 200. 2, 53. quos Ε ΙΙ 1, 41.
quas ΙΙ 6, 29. quae E I 3, 21.
(or. obl.) quae II 2, 1. 4, 45. 6, 76.
8, 5. Ε Ι 15, 1. quod Ε Ι 15,1.
A 314 (bis). cuius Ε Ι 7, 54. (1116111
Ι 1, 73. 2, 111. quo Ι 5, 53. 6, 36.
Ε Ι 1, 13 (his). 90. 5, 8 (his). 7, 54
(bis). 12, 25. 18, 53. 68. Α 74. 313
(bis). qua 115, 10. E Ι 18, 97. (1110
Ι 4, 99. 7, 2. 8, 40. ῙῙ 3, 21. 306.
4, 8. Ε Ι 8, 13. 17, 2. ΙΙ 1, 171.
310931321 3315315- 33.
v · ² ·
II 8, 18. uibus Ε Ι 3, 1.
qui (aaa.) 1, 1. 3, 128. 10, 21
(quine). ΙΙ 2, 19. 3, 108. 241. 260.
275. 311. 7, 96. 105. Ε Ι 6, 42. 16,
63 (bis). ΙΙ 2, 90. A 452.
quia Ι 1, 62. 3, 92. 6, 1. 47. 49. 9,
51. ΙΙ 2, 25. 36. 89. 3, 101. 4, 93.
7, 25. 26. E I 1, 30. 74. 8, 4. 6. 7.
10, 41. 12, 10. 11. ΙΙ 1, 28. 75. 77.
83. 84. 168. 2, 175. A 34. 295. 376.
qui cumque II 5, 51. quicumque II
6, 51. Α 227 (bis). quaecumque ΙΙ
7, 49. quodcumque Π 8, 12. 6111-
611111(1116 Ε Ι 18, 31. quemcumque
II 3, 43. quamcumque Ε ’1 11, 22.
quodcumque I 1, 34. 4, 36. II 3,
312. E I 23 54. 7, 60. A 188. 339.
350. quocum ue E Ι 1, 66. 11, 24.
uaecumque 4, 130. ΙΙ 4, 62. Ε
ΙΙ 2, 111. quoscumque Ι 6, 95. II
5, 13. quaecumque 11 8, 75. Ε Ι
quidam Ι 1, 54. 95. 2, 31. 45. 3, 22.
4, 136. 9, 3. quaedam I 10, 8. A 352.

29

