INDEX VERBORVM

truncus Ι 8,1.

1111119813, 72. ΕΙΙ1, 30.

truoe t‘ruces (acc.) Ε Ι 19, 49.
tuIl, 16. 17. 86. 2, 74. 3, 19. 21.
134. '137.4, 19. 69.'.85 6, 38. 110.
9, 69. 75. '10, 52. ΙΙ 1, 78. 86. 2,
20. 3, 32. 47. 67. 76. 128 (tun). 134.
138. 155. 175 (bis). 177 (his). 182.
185. .199. 235. 291. 322. 4, 92. 5,
17. 21. 37. 107. 6, 22. 30. 53. 92.
7, 40. 53. 81. 105. E Ι 2,ξ2. 63. 4,
6. 5, 30. 6, 23. 40. 7, 15. 16. 8, 17.
10,.,611 22.12,1414,2.4.10.
14. 21. 41. 16, 17. 27. 32 53-17,
19. 21. 18, 37. 44. 67. 87. II 2, 59.
63. 79. Α 128. 153. 385. 426. tibi
11, 40. 54. 89. 2, 59.69.97. 100.
101. 103. 109. 114. 116. 3, 27.3
35. 64. 123. 133. 4, 64. 90. 93. 116.
6-, 3. 8. 24. 41. 47. 63. 107. 9, 16.
17. 26. 10, 26. ΙΙ 1, 81. 2, 73.
86. 97. 106. 3, 3. 47 66 123.191.
213. 237 (ter). 4, 6. 5, 11. 13. 33.
51. 81. 7, 1. 32. 36. 80. 102. 8, 19.
75.E11, 57. 65.3, 21. 30. 4, 6.
7.,1.357’..24266,.23 7‚.143.
70. 9, 3. 10, 49. 11,1.22. 12, 3.
14, 21’. 25. 42'. 15, 25, 16, 4.16.19.
25. 28. 17, 1. 18, 29. 77. 19, 45.
20, 6. 19. Π 1, 15. 220. 247. 2, 2.

13. 18. 20. 25. 146. 149. 161. 206.-

215. A 103. 156. 310. 367. 386. 407.
427. te (acc.) I 1, 14. 38. 41. 78.
81. 82. 84. 104. 2, 77. 96. 3, 22.
34. 123. 135. 138. 4, 142. 5, 56.
6, 50. 53. 54. 109. 7, 33. 9, 11.
16. 19. 41. 67. 10, 25. 73. 84. 85.
86. 90. ΙΙ 1, 10. 62. 2, 13. 30. 35.
55. 97. 3, 16. 27. 31. 39. 51. 53.

62. 130. 153. 171. 173.'273. 312.“

319. 324. 4, 4. 17. 83 (ten). 5, 35.
47. 75. 99. 109. 6, 13. 36. 51. 60.
90. 7, 22. 24. 31. 46. 60. 65. 90.
113. 117. 8, 1. 17. 67. E Ι 1, 36.
68. 75. 105. 2, 5. 33. 68. 3, 27. 4,
2. 5, 3. 24. 6, 19. 26. 7,12. 63. 82.
94. 8, 17. 11, 15. 25. 30. 12, 8. 13,
1. 6. 16. 14, 19. 15, 25. 16, 18. 21.
27. 53. 77. 17, 1. 6. 7.· 12. 22. 18,
1. 58. 65. 75. 83. 88. 93. 98. 101.
ΙΙ 1, 19 (bis). 2, 16. 22. 37. 156.
160. 162. 212. A 362. 367. 437. 439.
444. te (am.) Ι 1, 40. 69. 2, 69. 3,
142. 4, 95. 6, 2. 9, 27. 43. 16, 19.
ΙΙ 2, 20. 103. 3, 39. 41. 320. 5, 6.
52. 82. 7, 112. 8, 62. Ε Ι 1, 105.
18, 62. II 1, 256. 2. 3. 76. 157. ’
tubae A 202. tubas Ι 6, 44.

467

tuberibus Ι 3, 73.

tueri I 4, 118. Ε Ι 18, 79.

Tullius Tulli (gen.) Ι 6, 9.

tum Ι 2, 97. 5, 11. 25. 76. 84. 7,
28. 9, 36. ΙΙ 2, †48. †121. 3, 230.
'‘1’1' 66. 6, 115. 8, 33. 36. 77. 90. Ε
tumes E Ι 1, 36. tument I 2,116
tumidus I 7, 7. tumidum Π 3, 213.
tumido (neutr.) A 94. tumid'i E Ι
6, 61. (tumidis (masc.) II 5, 98.
(neutr.) E II 2, 201,

tumultum II 2, 75. tumultu II 3,
208. tumultus (nom.) E I 19, 20.
tumultus (aec.) ΙΙ 2,126.

tunc Π 2, 48. 121. 3, 304 A 103.
tundet A 430.

3. tunicae E I 1, 96. tunica I 2,132.

tunicis I 2, 2’5 Ε I 18, 33.
tunicato E Ι 7, 65.

turba Ι 10, 67. 73. ΙΙ 3, 228. 8, 26.
turbae Ι 1, 112. turbam Ι 2, 43.
4, 143. A 419. turba Ι 3, 135. 4,
25. Π 5, 94. 6, 28.

turbatam Ι 1, 60.

turbine I 4, 31.

Turbonis ΙΙ 3, 310.

turdus ΙΙ 5, 10. turdo (abl.) E I 15,
41. turdos Ι 5, 72. turdis II 2, 74.
turget A 27. turgentis II 7, 49.
turgidus I 10, 36.

Turius ΙΙ 1, 49.

turmae (nom.) E ΙΙ 1, 190.

turpis Π 1, 65. 7, 55. E Ι 2, 25. A
213. turpe‘l 3, 100. Ε Ι 2, 3. 5,
22. Α 417. turpi (neutr.) II 7, 91.
turpem Ε Ι 1, 43. 16, 45. 111, 167.
turpe E ΙΙ 1, 84. turpi I 2, 102.
4, 111. 6, 63. 84. ΙΙ 7, 59. Α 262.
turpia Ι 3, 39. turpia. Ι 2, 85. tur-
pissim5 1 9, 75. turpiter E 13, 22.
cur-p o turpauerat Ι 5, 61

turrYs E Ι 3, 4.

tus (ace.) E Ι 14, 23. II 1, 269. tura
(ace) I 5, 99.
Tusci ΙΙ 3, 33. 3,
1, 202. ,
1988101 ΙΙ 5,107.
tussis I 9, 32.
tutela II 3, 218. Ε Ι 1, 103

tutor tuter E Ι 1,13. tuteris E I
18,81.111,2.tu1eturE11 1,171.
tutus Π 1, 20. 42. 2, 49. 6, 117. A
28. 266. tut-ae (qen.)II3, 137. tuto
(ahl. masc.) II 2, 49. tuta (ace.) I 1,
31. Ε I 15, 42. tutior I 2, 47.
tuus 1 1, 46. 4, 95. 6, 60. EI7,11.

30*

228. Tuscum Ε ΙΙ

